Car 0.0 0 -1.7525744 702.2976826078154 202.38517065938981 797.5567006344253 272.32414424708156 3.7272413 1.4636049 1.6423495 3.068223 1.8825547 17.869404 -1.58253 7.792169
Car 0.0 0 -1.253098 304.0157284640623 194.8353150367324 478.16991456716653 298.656307262062 4.021168 1.4865952 1.6857804 -3.7869608 1.6460621 12.721931 -1.5424175 8.664621
Car 0.0 0 -1.4606991 451.1363522789871 187.78266727338752 519.3884941991066 239.94289529178891 3.7894447 1.4994102 1.6945717 -4.170388 1.5261815 22.849432 -1.6412281 4.973263
Car 0.0 0 -1.4787912 509.88616831800823 190.65031245271456 549.572290257305 222.1473556655434 4.0359607 1.536198 1.6880288 -4.686327 1.7371932 37.877525 -1.6018889 2.8084133
Car 0.0 0 -1.633431 599.6083859101525 190.9804070895453 630.6197834662497 218.49825798365865 4.373823 1.6667199 1.7274355 -0.3930404 1.9359955 46.804325 -1.6418283 1.109965
Car 0.0 0 -1.0012922 0.0 197.7764332493578 346.3235993187615 375.0 3.7966437 1.5137888 1.6629207 -3.5646992 1.6223187 5.3912516 -1.5855012 3.235
Car 0.0 0 -1.0621581 187.42966336104038 193.07061065589363 322.6242036681828 259.4450394722512 3.5437179 1.5207961 1.5806131 -9.2906475 1.6929377 18.750591 -1.5221876 0.7046208
Car 0.0 0 -1.0078683 0.0 196.10202241052863 345.3089706902382 375.0 3.9263227 1.4995825 1.6168953 -3.3735857 1.5867271 4.9509816 -1.6059998 0.89072067
Car 0.0 0 -1.0212779 200.51241457972105 194.63246005599018 327.9792518251133 253.0880450302456 3.6571684 1.4857678 1.5970974 -10.078309 1.7249515 20.821707 -1.4720672 0.42470846
Car 0.0 0 -1.0083194 0.0 199.2937127769855 357.23793755518824 375.0 3.808841 1.4975398 1.6328521 -3.3418865 1.6168768 5.120747 -1.5865321 0.8276738
