Car 0.0 0 -1.2921429 337.67977977696415 194.62136305920797 478.38257311869245 289.03148684913623 3.6894326 1.5369722 1.6088103 -3.9097197 1.7030587 13.950523 -1.565389 8.721257
Car 0.0 0 -1.4525223 468.4639450052994 189.57401077017067 533.371998490418 240.787579014576 3.8633122 1.5612259 1.6864378 -3.9141488 1.6543484 24.264244 -1.6124579 4.989292
Car 0.0 0 -1.6085277 705.4913286166814 208.51275070272297 818.5403119911239 315.58350481574183 3.5031323 1.4312316 1.6168928 2.309241 1.8507605 12.287033 -1.4227535 6.8115163
Car 0.0 0 -1.6040511 599.8982011603323 191.3597531116406 630.334298608676 220.0874559184972 4.233364 1.6531101 1.7251725 -0.3742587 1.9337807 44.523563 -1.6124568 1.9520361
Car 0.0 0 -1.7449284 677.2385819475343 200.5158924610708 737.4293180875616 246.0043361350877 3.450672 1.4489629 1.553274 3.0337434 1.9649564 25.911339 -1.6283773 2.2894616
Car 0.0 0 0.5625091 0.0 194.67311606409874 194.85558926535066 311.0624506314652 4.3661118 1.6526852 1.7444062 -9.526055 1.7873397 11.584061 -0.12570709 3.6574173
Car 0.0 0 -1.4410849 497.7056528984381 188.85615496380797 546.6447861548827 229.47029772775977 3.7186775 1.6523992 1.6348957 -4.2131214 1.7378867 31.529278 -1.5739236 2.0284326
Car 0.0 0 -1.1468778 274.36775584866496 190.7645532340532 374.34019856678555 247.1789794715963 3.7840853 1.7445364 1.7244647 -9.92144 1.88228 24.602322 -1.530202 2.2594986
Car 0.0 0 -1.6673884 657.1372837538139 196.0060476751748 688.4701037624798 222.5994675358873 3.6889257 1.544656 1.5986431 3.224189 2.1297634 45.23836 -1.5962377 1.180151
Car 0.0 0 -1.455667 428.1190613350221 192.17020920813317 463.7593491865624 220.0905757147901 3.7029912 1.5091845 1.5808662 -10.025783 1.8213227 41.837708 -1.690867 0.74779814
