Car 0.0 0 -1.287508 332.8384351223973 195.46384294584598 475.59382156885994 290.5353461845227 3.6520185 1.5273458 1.6115683 -3.9385345 1.709858 13.803613 -1.565449 8.794816
Car 0.0 0 -1.4545394 469.06456882804093 189.60253968867553 533.0548240300246 240.0745035818565 3.8284438 1.5475117 1.6779916 -3.9303186 1.6420214 24.379313 -1.6143794 5.0885572
Car 0.0 0 -1.6067338 599.5222487392432 191.18657907373245 629.8643133087074 219.7758085178436 4.292578 1.6604677 1.7230567 -0.40391487 1.9325261 44.930756 -1.6157233 2.0580125
Car 0.0 0 -1.6001581 710.5644865669256 207.50564491591996 822.1656635059543 313.5030790149082 3.3890586 1.4288172 1.6006849 2.3988183 1.8268998 12.272535 -1.4071295 7.003305
Car 0.0 0 -1.4418259 497.34694860608187 188.37159283202425 547.1635254113529 229.39629164172973 3.765706 1.643832 1.637092 -4.144447 1.7061647 31.062553 -1.5744652 2.1929
Car 0.0 0 -1.7526426 675.9544988915585 199.6135039708846 738.621404690279 246.9288439536402 3.4196196 1.4566882 1.5451537 2.9227858 1.9224391 25.014063 -1.6363244 2.485884
Car 0.0 0 0.56864184 0.0 195.9486996570006 183.75392357236657 313.3779988316879 4.2621665 1.602375 1.711319 -9.42169 1.7544223 11.191717 -0.13109869 3.2649274
Car 0.0 0 -1.1560454 267.8097001874178 191.55300356205925 364.3392043647663 246.82770741289463 3.6135523 1.7127466 1.6955235 -10.206184 1.8786287 24.590195 -1.5494591 1.3771422
Car 0.0 0 1.612849 452.09344754586266 188.27527580707704 492.9745602837881 223.4652568882812 4.257861 1.6627846 1.8415284 -7.420124 1.731235 36.66779 1.4131844 0.50959
Car 0.0 0 -1.6673827 656.8090578835091 195.71000050043685 687.8291093992534 221.64848015460933 3.6873536 1.5419348 1.6213229 3.2641761 2.1195402 46.21491 -1.5968695 0.5518464
Car 0.0 0 -1.4476452 427.0374736083108 192.3855347523909 463.12828459123193 220.05740900373016 3.676297 1.5124419 1.6029813 -10.184265 1.8408161 42.28933 -1.6839687 0.4267901
