Car 0.0 0 -1.3992648 427.6552159812687 188.76535651918508 521.9821545208082 253.5793418582581 3.8216705 1.4295845 1.6475365 -3.4961941 1.4781623 18.023275 -1.5908674 7.0391893
Car 0.0 0 -1.219038 293.93640780682017 181.90437964757072 401.54746598861533 237.5279794152342 3.9756415 1.4738487 1.6575276 -7.828034 1.338831 21.199871 -1.5727572 4.974994
Car 0.0 0 -1.4199077 489.9362542278012 184.5161899964829 534.5531668614688 218.53479741051734 3.3150034 1.4935955 1.5533421 -4.950045 1.3845432 33.492405 -1.5666414 1.8819004
Car 0.0 0 -0.96903 0.0 196.11406176668865 333.0524538725097 375.0 3.676918 1.4559966 1.602009 -3.392689 1.5391678 4.764287 -1.5878363 3.2220688
Car 0.0 0 -0.9409781 28.033043769463113 175.16306683805936 211.06091686047026 243.3807317251102 3.979745 1.4802423 1.6346352 -12.016323 1.2233949 17.748844 -1.5361142 2.5961783
Car 0.0 0 -0.5687971 314.9602881063557 173.76412936408073 399.17688648801396 204.9205140601823 4.292356 1.7051361 1.7810714 -15.165356 0.9807593 41.923058 -0.9158945 0.7841622
Car 0.0 0 -0.9577532 0.0 179.44912548178687 226.99333917654408 262.6759777711934 4.018949 1.3924649 1.6367869 -9.615732 1.2661315 14.152601 -1.5545415 2.2398715
Car 0.0 0 1.0836551 269.7368894577758 183.66385672756257 333.85441843599216 213.00675667662992 3.4652472 1.4100364 1.5075934 -16.068613 1.2497222 36.50528 0.6690039 0.4201257
Car 0.0 0 0.6499027 74.1732745747254 176.26267897385694 217.20546101701973 222.0982451818483 4.0982785 1.5782826 1.6904558 -16.92937 1.2085582 25.954977 0.07194102 0.5585496
Car 0.0 0 -1.1901073 261.559137045331 183.0156540980432 323.78781144371624 213.5146394531691 3.5966232 1.4241288 1.5610852 -16.056398 1.2380825 35.683372 -1.6129352 0.40671962
